852
865
941
1157
1158
1161
1219
1229
1280
1338
1339
1340
1341
1342
1343
1344
1345
1346
1347
1348
1349
1350
1351
1352
1353
1354
1355
1356
1357
1358
1359
1360
1361
1362
1363
1364
1365
1439
1461
1462
1463
1564
1783
2196
2198
2199
2200
2201
2216
2427
2467
2513
2515
2535
2546
2548
2567
2623
2624
2663
2676
2677
2707
2708
2709
2710
2711
2712
2713
2714
2863
2864
2865
2866
2867
2868
2869
2870
2871
2872
2873
2874
2876
2950
3356
3392
3393
3394
3446
3447
3448
3449
3450
3451
3452
3453
3454
3455
3456
3457
3458
3459
3461
3462
3463
3464
3465
3469
3470
3471
3472
3474
3475
3476
3477
3478
3479
3480
3481
3482
3485
3486
3487
3488
3606
3607
3712
3713
3728
3729
3796
3812
3830
3831
3832
3834
3835
3836
3837
3838
3839
3944
3945
3946
3947
3991
3992
4023
4024
4382
4392
4393
4394
4395
4396
4397
4398
4399
4400
4401
4402
4789
4790
4791
4828
4838
4839
4840
4841
5055
5056
5057
5058
5059
5060
5061
5062
5063
5064
5065
5159
5166
5305
5391
5406
5474
5475
5476
5477
5478
5591
5665
5666
5667
5668
5893
5895
5896
5976
5984
5985
6372
6373
6374
6375
6376
6514
6574
6577
6638
6639
6640
6641
6660
6661
6751
6809
6902
6910
6911
7007
7008
7120
7121
7142
7143
7144
7145
7206
16858
17103
17104
17105
17106
17145
17146
17234
17242
17397
17488
17517
17518
17519
17520
17597
17598
17599
17600
17869
17882
17896
17905
17922
18003
18004
18005
18006
18025
18026
18027
18028
18029
18030
18031
18032
18033
18034
18035
18036
18037
18038
18039
18040
18041
18042
18043
18044
18045
18046
18047
18048
18049
18050
18051
18052
18053
18054
18055
18056
18057
18058
18059
18060
18061
18062
18063
18064
18065
18066
18067
18068
18069
18070
18071
18072
18073
18074
18075
18076
18077
18078
18079
18080
18081
18082
18083
18084
18085
18086
18087
18088
18089
18090
18091
18092
18093
18094
18095
18096
18097
18098
18099
18100
18101
18102
18103
18104
18105
18106
18107
18108
18109
18110
18111
18112
18113
18114
18115
18116
18117
18118
18119
18120
18121
18122
18123
18124
18125
18126
18127
18128
18129
18130
18131
18132
18133
18134
18135
18136
18137
18138
18139
18140
18141
18142
18143
18144
18145
18146
18147
18148
18149
18150
18151
18152
18153
18154
18155
18156
18157
18158
18159
18160
18161
18162
18163
18164
18165
18166
18167
18168
18169
18170
18171
18172
18173
18174
18175
18176
18177
18178
18179
18180
18181
18182
18183
18184
18185
18186
18187
18188
18189
18190
18191
18192
18193
18194
18195
18196
18197
18198
18199
18200
18201
18202
18203
18204
18205
18206
18207
18208
18209
18210
18211
18212
18213
18214
18215
18216
18217
18218
18219
18220
18221
18222
18223
18224
18225
18226
18227
18228
18229
18230
18231
18232
18233
18234
18235
18236
18237
18238
18239
18240
18241
18243
18244
18245
18246
18247
18248
18249
18250
18251
18252
18253
18254
18255
18256
18257
18258
18259
18260
18261
18262
18263
18264
18265
18266
18267
18268
18269
18270
18271
18272
18273
18274
18275
18276
18277
18278
18279
18280
18281
18282
18283
18284
18285
18286
18287
18288
18289
18290
18291
18292
18293
18294
18295
18296
18297
18298
18299
18300
18301
18302
18303
18304
18305
18306
18307
18308
18309
18310
18311
18312
18313
18314
18315
18316
18317
18318
18319
18320
18321
18322
18323
18324
18325
18326
18327
18328
18329
18330
18331
18332
18333
18334
18335
18336
18337
18338
18339
18340
18341
18342
18343
18344
18345
18346
18347
18348
18349
18350
18351
18352
18353
18354
18355
18356
18357
18358
18359
18360
18361
18362
18363
18364
18365
18366
18367
18368
18369
18370
18371
18372
18373
18374
18375
18376
18377
18378
18379
18380
18381
18382
18383
18384
18385
18386
18387
18388
18389
18390
18391
18392
18393
18394
18395
18396
18397
18398
18399
18400
18401
18402
18403
18404
18405
18406
18407
18408
18409
18410
18411
18412
18413
18414
18415
18416
18417
18418
18420
18421
18422
18423
18424
18425
18426
18427
18428
18429
18430
18431
18432
18433
18439
18440
18441
18442
18530
18531
18534
18535
18610
18611
18612
18614
18623
18645
18646
18647
18648
18649
18686
18687
18738
18747
18748
18749
18750
18774
18775
18776
18777
18778
18779
18784
18809
18991
19004
19007
19055
19056
19062
19211
19349
19350
19416
19417
19450
19558
19559
19560
19561
19568
19569
19637
19638
19690
19692
19693
19694
19695
19696
19697
19703
19790
19791
19837
19875
19908
19909
19910
19927
19968
19969
19970
19975
20015
20016
20017
20018
20019
20020
20021
20022
20023
20024
20025
20026
20027
20028
20029
20030
20031
20032
20033
20034
20035
20037
20038
20040
20041
20042
20043
20044
20051
20052
20053
20054
20055
20056
20057
20058
20059
20060
20061
20062
20063
20064
20065
20066
20067
20068
20069
20070
20071
20072
20073
20091
20096
20097
20098
20099
20100
20101
20102
20103
20112
20113
20114
20115
20116
20120
20278
20287
20426
20428
20450
20451
20467
20528
20529
20530
20531
20532
20533
20544
20799
20861
20872
20873
20948
20955
21017
21018
21019
21020
21103
21104
21109
21171
21193
21194
21303
21304
21305
21306
21307
21308
21309
21310
21311
21312
21313
21407
21439
21458
21459
21489
21490
21491
21492
21494
21503
21504
21668
21726
21727
21728
21732
21733
21740
21827
21828
23419
23477
23478
23479
23500
23502
23503
23504
23505
23506
23507
23520
23521
23522
23523
23574
23595
23692
23693
23788
23790
23791
23792
23793
23802
23812
23813
23829
23882
23883
23884
23885
23886
23887
23888
23909
23910
23911
23912
23969
23970
23971
23972
23973
23999
24000
24001
24002
24010
24030
24043
24044
24045
24046
24047
24048
24049
24050
24051
24052
24053
24054
24055
24056
24057
24058
24059
24069
24073
24074
24075
24076
24077
24078
24079
24111
24115
24116
24117
24118
24119
24120
24121
24122
24123
24164
24165
24234
24235
24236
24237
24238
24239
24298
24299
24302
24401
24473
24474
24648
24649
24650
24651
24652
24653
24654
24655
24656
24657
24658
24659
24660
24661
24662
24663
24664
24666
24667
24668
24669
24670
24671
24672
24673
24674
24675
24676
24677
24678
24679
24680
24683
24882
24942
24989
24990
24991
24992
24997
25045
25046
25064
25071
25589
25736
25794
25795
25865
25899
26059
26060
26061
26062
26063
26064
26205
26206
26212
26213
26605
26606
26607
26608
26609
26610
26611
26612
26613
26614
26744
26843
26844
26845
27082
27083
27084
27085
27086
27087
27088
27089
27090
27091
27092
27093
27094
27101
27278
27279
27280
27325
27364
27379
27387
27388
27389
27446
27447
27867
27927
27962
27963
27964
27965
27966
27967
28021
28243
28244
28360
28377
28385
28386
28387
28458
28459
28460
28467
28476
28477
28533
28534
28535
28536
28537
28538
28539
28540
28541
28542
28543
28544
28545
28546
28547
28548
28549
28550
28551
28552
28553
28554
28555
28556
28557
28558
28579
28580
28581
28615
28732
28808
28809
28810
28821
28863
28864
28865
28966
28967
29101
29114
29136
29137
29285
29294
29295
29327
29328
29329
29342
29343
29665
29666
29708
29709
29710
29711
29712
29713
29714
29715
29716
29717
29718
29719
29720
29721
29722
29723
29724
29725
29726
29727
29728
29729
29730
29731
29732
29733
29734
29735
29736
29737
29738
29739
29740
29741
29742
29743
29744
29745
29746
29747
29748
29749
29753
29754
29765
29832
29833
29834
29835
29844
29869
29870
29871
29872
29873
29874
29875
29964
30196
30197
30198
30314
30315
30329
30364
30365
30375
30414
30415
30416
30417
30418
30419
30420
30427
30428
30475
30532
30533
30534
30535
30545
30568
30572
30573
30697
30698
30699
30741
30748
30749
30750
30751
30960
30961
31560
31561
31562
31564
31565
31566
31567
31568
31569
31717
31734
31735
31736
31737
31767
31834
31850
31889
