852
865
941
1157
1158
1161
1219
1229
1280
1338
1339
1340
1341
1342
1343
1344
1345
1346
1347
1348
1349
1350
1351
1352
1353
1354
1355
1356
1357
1358
1359
1360
1361
1362
1363
1364
1365
1439
1461
1462
1463
1564
1783
2196
2198
2199
2200
2201
2216
2427
2467
2515
2535
2546
2548
2567
2623
2624
2663
2676
2677
2863
2864
2865
2866
2867
2868
2869
2870
2871
2872
2873
2874
2876
2950
3392
3393
3394
3446
3447
3448
3449
3450
3451
3452
3453
3454
3455
3456
3457
3458
3459
3461
3462
3463
3464
3465
3469
3470
3471
3472
3474
3475
3476
3477
3478
3479
3480
3481
3482
3485
3486
3487
3488
3606
3607
3712
3713
3728
3729
3796
3812
3830
3831
3832
3834
3835
3836
3837
3838
3839
3944
3945
3946
3947
3991
3992
4023
4024
4382
4392
4393
4394
4395
4396
4397
4398
4399
4400
4401
4402
4789
4790
4791
4828
4838
4839
4840
4841
5055
5056
5057
5058
5059
5060
5061
5062
5063
5064
5065
5166
5305
5391
5406
5474
5475
5476
5477
5478
5591
5665
5666
5667
5668
5893
5895
5896
5984
5985
6372
6373
6374
6375
6376
6514
6574
6577
6638
6639
6640
6641
6660
6661
6751
6809
6902
6910
6911
7007
7008
7120
7121
7142
7143
7144
7145
7206
16858
17103
17104
17105
17106
17145
17146
17234
17242
17397
17488
17517
17518
17519
17520
17597
17598
17599
17600
17869
17882
17896
17905
17922
18439
18440
18441
18442
18534
18535
18610
18611
18612
18614
18623
18645
18646
18647
18648
18649
18738
18747
18748
18749
18750
18774
18775
18776
18777
18778
18779
18809
18991
19004
19007
19062
19211
19349
19350
19450
19568
19569
19637
19638
19690
19790
19791
19837
19875
19927
19968
19969
19970
19975
20015
20016
20017
20018
20019
20020
20021
20022
20023
20024
20025
20026
20027
20028
20029
20030
20031
20032
20033
20034
20035
20037
20038
20040
20041
20042
20043
20044
20051
20052
20053
20054
20055
20056
20057
20058
20059
20060
20061
20062
20063
20064
20065
20066
20067
20068
20069
20070
20071
20072
20073
20091
20096
20097
20098
20099
20100
20101
20102
20103
20112
20113
20114
20115
20116
20120
20278
20287
20428
20450
20451
20467
20528
20529
20530
20531
20532
20533
20544
20799
20861
20948
20955
21017
21018
21019
21020
21103
21104
21109
21193
21194
21303
21304
21305
21306
21307
21308
21309
21310
21311
21312
21313
21407
21458
21459
21489
21490
21491
21492
21494
21503
21504
21668
21726
21727
21728
21732
21733
21740
21827
21828
23477
23478
23479
23500
23502
23503
23504
23505
23506
23507
23520
23521
23522
23523
23574
23595
23692
23693
23788
23790
23791
23792
23793
23802
23812
23813
23829
23882
23883
23884
23885
23886
23887
23888
23909
23910
23911
23912
23969
23970
23971
23972
23973
23999
24000
24001
24002
24010
24043
24044
24045
24046
24047
24048
24049
24050
24051
24052
24053
24054
24055
24056
24057
24058
24059
24069
24073
24074
24075
24076
24077
24078
24079
24111
24115
24116
24117
24118
24119
24120
24121
24122
24123
24164
24165
24234
24235
24236
24237
24238
24239
24298
24299
24302
24401
24473
24474
24648
24649
24650
24651
24652
24653
24654
24655
24656
24657
24658
24659
24660
24661
24662
24663
24664
24666
24667
24668
24669
24670
24671
24672
24673
24674
24675
24676
24677
24678
24679
24680
24683
24882
24942
24989
24990
24991
24992
25071
25589
25736
25899
26059
26060
26061
26062
26063
26064
26205
26206
26212
26213
26605
26606
26607
26608
26609
26610
26611
26612
26613
26614
26744
26843
26844
26845
27278
27279
27280
27325
27364
27387
27388
27389
27446
27447
27867
27927
27962
27963
27964
27965
27966
27967
28021
28243
28244
28360
28377
28385
28386
28387
28533
28534
28535
28536
28537
28538
28539
28540
28541
28542
28543
28544
28545
28546
28547
28548
28549
28550
28551
28552
28553
28554
28555
28556
28557
28558
28579
28580
28581
28615
28732
28808
28809
28810
28863
28864
28865
28966
28967
29101
29114
29136
29137
29285
29327
29328
29329
29342
29343
29749
29753
29754
29765
29844
30196
30197
30198
30314
30315
30375
30415
30416
30417
30418
30419
30420
30427
30428
30475
30545
30568
30572
30573
30697
30698
30699
30741
30748
30749
30750
30751
31560
31561
31562
31734
31735
31736
31737
31834
31850
31889
